0 0 1 1 4 
0 5 5 1 5 
0 11 10 1 4 
1 0 14 1 4 
1 5 15 1 5 
1 11 16 1 4 
2 0 17 1 4 
2 5 18 1 5 
2 11 19 1 4 
3 0 20 1 15 
4 3 23 1 5 
4 9 24 1 3 
5 0 25 1 5 
5 10 28 1 5 
6 0 32 1 3 
6 4 33 1 6 
6 11 39 1 4 
7 0 40 1 4 
7 5 42 1 5 
7 11 43 1 4 
8 0 44 1 4 
8 5 45 1 6 
8 12 47 1 3 
9 0 48 1 5 
9 10 50 1 5 
10 3 52 1 3 
10 7 54 1 5 
11 0 57 1 15 
12 0 64 1 4 
12 5 65 1 5 
12 11 66 1 4 
13 0 67 1 4 
13 5 68 1 5 
13 11 69 1 4 
14 0 70 1 4 
14 5 71 1 5 
14 11 72 1 4 
0 0 1 0 4 
0 1 2 0 4 
0 2 3 0 4 
0 3 4 0 6 
0 5 5 0 5 
0 6 6 0 5 
0 7 7 0 5 
0 8 8 0 4 
0 9 9 0 5 
0 11 10 0 8 
0 12 11 0 4 
0 13 12 0 4 
0 14 13 0 4 
3 4 21 0 4 
3 10 22 0 3 
5 0 25 0 5 
5 1 26 0 5 
5 2 27 0 5 
5 12 29 0 5 
5 13 30 0 5 
5 14 31 0 5 
6 5 34 0 3 
6 6 35 0 3 
6 7 36 0 3 
6 8 37 0 3 
6 9 38 0 3 
7 3 41 0 8 
8 10 46 0 4 
9 4 49 0 3 
9 11 51 0 6 
10 5 53 0 5 
10 7 54 0 5 
10 8 55 0 5 
10 9 56 0 5 
11 0 57 0 4 
11 1 58 0 4 
11 2 59 0 4 
11 6 60 0 4 
11 12 61 0 4 
11 13 62 0 4 
11 14 63 0 4 
