0 0 1 1 5 
0 8 6 1 7 
1 0 13 1 6 
1 7 15 1 8 
2 0 16 1 6 
2 7 17 1 8 
3 0 18 1 6 
3 7 19 1 8 
4 0 20 1 6 
4 7 21 1 7 
5 0 22 1 6 
5 7 23 1 7 
6 0 24 1 5 
6 6 25 1 4 
7 1 26 1 6 
7 8 28 1 6 
8 5 33 1 4 
8 10 35 1 5 
9 1 37 1 7 
9 9 41 1 6 
10 1 42 1 7 
10 9 43 1 6 
11 0 44 1 8 
11 9 45 1 6 
12 0 46 1 8 
12 9 47 1 6 
13 0 48 1 8 
13 9 49 1 6 
14 0 50 1 7 
14 10 51 1 5 
0 0 1 0 7 
0 1 2 0 8 
0 2 3 0 8 
0 3 4 0 8 
0 4 5 0 8 
0 8 6 0 9 
0 9 7 0 8 
0 10 8 0 6 
0 11 9 0 6 
0 12 10 0 6 
0 13 11 0 6 
0 14 12 0 4 
1 5 14 0 5 
1 7 15 0 6 
6 6 25 0 9 
7 5 27 0 8 
7 10 29 0 8 
7 11 30 0 8 
7 12 31 0 8 
7 13 32 0 8 
8 7 34 0 6 
8 14 36 0 7 
9 1 37 0 6 
9 2 38 0 6 
9 3 39 0 6 
9 4 40 0 6 
9 9 41 0 5 
11 0 44 0 4 
