0 0 1 1 4 
0 5 5 1 5 
0 11 10 1 4 
1 0 14 1 4 
1 5 15 1 5 
1 11 16 1 4 
2 0 17 1 4 
2 5 18 1 10 
3 0 20 1 9 
3 10 22 1 5 
4 1 23 1 6 
4 8 24 1 7 
5 0 26 1 12 
6 0 28 1 3 
6 4 29 1 4 
6 9 30 1 6 
7 0 34 1 4 
7 6 36 1 3 
7 11 38 1 4 
8 0 39 1 6 
8 7 42 1 4 
8 12 45 1 3 
9 3 46 1 12 
10 0 49 1 7 
10 8 52 1 6 
11 0 53 1 5 
11 6 54 1 9 
12 0 57 1 10 
12 11 59 1 4 
13 0 60 1 4 
13 5 61 1 5 
13 11 62 1 4 
14 0 63 1 4 
14 5 64 1 5 
14 11 65 1 4 
0 0 1 0 4 
0 1 2 0 9 
0 2 3 0 9 
0 3 4 0 6 
0 5 5 0 7 
0 6 6 0 8 
0 7 7 0 4 
0 8 8 0 6 
0 9 9 0 3 
0 11 10 0 8 
0 12 11 0 5 
0 13 12 0 5 
0 14 13 0 5 
2 10 19 0 5 
3 4 21 0 4 
4 9 25 0 3 
5 0 26 0 4 
5 7 27 0 5 
6 12 31 0 9 
6 13 32 0 9 
6 14 33 0 4 
7 3 35 0 8 
7 8 37 0 8 
8 4 40 0 5 
8 5 41 0 3 
8 9 43 0 7 
8 10 44 0 4 
9 6 47 0 6 
9 11 48 0 6 
10 0 49 0 5 
10 1 50 0 5 
10 2 51 0 5 
11 7 55 0 4 
11 14 56 0 4 
12 5 58 0 3 
