0 0 1 1 4 
0 5 5 1 6 
0 12 11 1 3 
1 0 14 1 4 
1 5 15 1 6 
1 12 16 1 3 
2 0 17 1 11 
2 12 19 1 3 
3 0 20 1 5 
3 6 21 1 4 
3 11 22 1 4 
4 0 23 1 6 
4 7 25 1 8 
5 0 27 1 3 
5 5 28 1 4 
5 10 30 1 5 
6 3 31 1 5 
6 9 33 1 6 
7 1 34 1 6 
7 8 36 1 6 
8 0 37 1 6 
8 7 38 1 5 
9 0 39 1 5 
9 6 40 1 4 
9 12 41 1 3 
10 0 44 1 8 
10 9 46 1 6 
11 0 49 1 4 
11 5 50 1 4 
11 10 52 1 5 
12 0 53 1 3 
12 4 54 1 11 
13 0 56 1 3 
13 4 57 1 6 
13 11 58 1 4 
14 0 59 1 3 
14 4 60 1 6 
14 11 61 1 4 
0 0 1 0 6 
0 1 2 0 6 
0 2 3 0 6 
0 3 4 0 5 
0 5 5 0 3 
0 6 6 0 4 
0 7 7 0 7 
0 8 8 0 6 
0 9 9 0 5 
0 10 10 0 3 
0 12 11 0 8 
0 13 12 0 8 
0 14 13 0 7 
2 4 18 0 3 
3 11 22 0 6 
4 5 24 0 5 
4 10 26 0 5 
5 6 29 0 3 
6 3 31 0 6 
6 4 32 0 5 
6 9 33 0 5 
7 1 34 0 8 
7 2 35 0 8 
7 8 36 0 3 
8 0 37 0 7 
8 7 38 0 7 
9 6 40 0 6 
9 12 41 0 6 
9 13 42 0 6 
9 14 43 0 6 
10 5 45 0 5 
10 10 47 0 3 
10 11 48 0 5 
11 8 51 0 4 
12 4 54 0 3 
12 9 55 0 3 
