0 0 1 1 10 
0 11 11 1 4 
1 0 15 1 10 
1 11 16 1 4 
2 0 17 1 10 
2 11 18 1 4 
3 0 19 1 4 
3 5 20 1 5 
3 11 21 1 4 
4 0 22 1 5 
4 6 24 1 5 
4 12 26 1 3 
5 0 27 1 3 
5 4 28 1 5 
5 10 30 1 5 
6 3 32 1 5 
6 9 33 1 6 
7 0 34 1 7 
7 8 37 1 7 
8 0 38 1 6 
8 7 39 1 5 
9 0 40 1 5 
9 6 41 1 5 
9 12 42 1 3 
10 0 45 1 3 
10 4 46 1 5 
10 10 48 1 5 
11 0 50 1 4 
11 5 52 1 5 
11 11 54 1 4 
12 0 55 1 4 
12 5 56 1 10 
13 0 58 1 4 
13 5 59 1 10 
14 0 60 1 4 
14 5 61 1 10 
0 0 1 0 6 
0 1 2 0 6 
0 2 3 0 6 
0 3 4 0 5 
0 4 5 0 3 
0 5 6 0 4 
0 6 7 0 8 
0 7 8 0 7 
0 8 9 0 6 
0 9 10 0 5 
0 11 11 0 4 
0 12 12 0 8 
0 13 13 0 8 
0 14 14 0 8 
4 4 23 0 7 
4 10 25 0 7 
5 5 29 0 4 
5 11 31 0 4 
6 3 32 0 4 
6 9 33 0 4 
7 0 34 0 8 
7 1 35 0 8 
7 2 36 0 8 
7 8 37 0 8 
8 7 39 0 7 
9 6 41 0 6 
9 12 42 0 6 
9 13 43 0 6 
9 14 44 0 6 
10 5 47 0 5 
10 11 49 0 5 
11 3 51 0 4 
11 9 53 0 4 
12 10 57 0 3 
