0 0 1 1 8 
0 9 9 1 6 
1 0 15 1 8 
1 9 16 1 6 
2 0 17 1 15 
3 0 19 1 6 
3 7 20 1 4 
3 12 21 1 3 
4 0 22 1 4 
4 5 23 1 5 
4 11 25 1 4 
5 0 26 1 3 
5 4 27 1 6 
5 11 28 1 4 
6 3 29 1 6 
6 10 30 1 5 
7 0 31 1 7 
7 8 34 1 7 
8 0 36 1 5 
8 6 37 1 6 
9 0 39 1 4 
9 5 40 1 6 
9 12 41 1 3 
10 0 44 1 4 
10 5 45 1 5 
10 11 46 1 4 
11 0 47 1 3 
11 4 48 1 4 
11 9 49 1 6 
12 0 51 1 15 
13 0 54 1 6 
13 7 55 1 8 
14 0 56 1 6 
14 7 57 1 8 
0 0 1 0 6 
0 1 2 0 6 
0 2 3 0 6 
0 3 4 0 5 
0 4 5 0 4 
0 5 6 0 8 
0 6 7 0 3 
0 7 8 0 7 
0 9 9 0 6 
0 10 10 0 4 
0 11 11 0 3 
0 12 12 0 8 
0 13 13 0 8 
0 14 14 0 8 
2 8 18 0 9 
4 6 24 0 9 
4 11 25 0 5 
5 4 27 0 4 
6 3 29 0 5 
6 10 30 0 4 
7 0 31 0 8 
7 1 32 0 8 
7 2 33 0 8 
7 9 35 0 8 
8 7 38 0 7 
9 5 40 0 6 
9 12 41 0 6 
9 13 42 0 6 
9 14 43 0 6 
10 11 46 0 5 
11 4 48 0 4 
11 10 50 0 4 
12 3 52 0 3 
12 8 53 0 3 
