0 0 1 1 7 
0 8 8 1 7 
1 0 15 1 7 
1 8 16 1 7 
2 0 17 1 7 
2 8 18 1 7 
3 3 19 1 8 
3 12 21 1 3 
4 0 22 1 3 
4 5 25 1 5 
4 11 26 1 4 
5 0 27 1 9 
5 10 30 1 5 
6 0 31 1 7 
6 8 32 1 4 
7 0 34 1 6 
7 9 35 1 6 
8 3 39 1 4 
8 8 41 1 7 
9 0 42 1 5 
9 6 45 1 9 
10 0 47 1 4 
10 5 48 1 5 
10 12 49 1 3 
11 0 50 1 3 
11 4 51 1 8 
12 0 54 1 7 
12 8 56 1 7 
13 0 60 1 7 
13 8 61 1 7 
14 0 62 1 7 
14 8 63 1 7 
0 0 1 0 3 
0 1 2 0 3 
0 2 3 0 3 
0 3 4 0 4 
0 4 5 0 4 
0 5 6 0 9 
0 6 7 0 7 
0 8 8 0 7 
0 9 9 0 5 
0 10 10 0 4 
0 11 11 0 3 
0 12 12 0 6 
0 13 13 0 6 
0 14 14 0 6 
3 7 20 0 3 
4 0 22 0 4 
4 1 23 0 4 
4 2 24 0 4 
4 11 26 0 6 
5 3 28 0 6 
5 4 29 0 5 
5 10 30 0 5 
6 9 33 0 9 
7 12 36 0 4 
7 13 37 0 4 
7 14 38 0 4 
8 6 40 0 7 
8 8 41 0 7 
9 0 42 0 6 
9 1 43 0 6 
9 2 44 0 6 
9 7 46 0 3 
10 5 48 0 5 
11 4 51 0 4 
11 10 52 0 4 
11 11 53 0 4 
12 3 55 0 3 
12 12 57 0 3 
12 13 58 0 3 
12 14 59 0 3 
