0 0 1 1 11 
0 12 12 1 3 
1 0 15 1 11 
1 12 16 1 3 
2 0 17 1 11 
2 12 18 1 3 
3 0 19 1 4 
3 7 20 1 8 
4 3 22 1 6 
4 10 26 1 5 
5 0 27 1 8 
5 11 30 1 4 
6 0 31 1 3 
6 4 32 1 5 
6 10 34 1 5 
7 0 35 1 7 
7 8 37 1 7 
8 0 39 1 5 
8 6 40 1 5 
8 12 42 1 3 
9 0 43 1 4 
9 7 44 1 8 
10 0 46 1 5 
10 6 48 1 6 
11 0 49 1 8 
11 11 51 1 4 
12 0 55 1 3 
12 4 56 1 11 
13 0 60 1 3 
13 4 61 1 11 
14 0 62 1 3 
14 4 63 1 11 
0 0 1 0 4 
0 1 2 0 4 
0 2 3 0 4 
0 3 4 0 6 
0 4 5 0 3 
0 5 6 0 3 
0 6 7 0 3 
0 7 8 0 7 
0 8 9 0 5 
0 9 10 0 4 
0 10 11 0 5 
0 12 12 0 10 
0 13 13 0 10 
0 14 14 0 10 
3 11 21 0 5 
4 4 23 0 5 
4 5 24 0 4 
4 6 25 0 5 
5 0 27 0 10 
5 1 28 0 10 
5 2 29 0 10 
6 8 33 0 5 
6 10 34 0 5 
7 3 36 0 5 
7 9 38 0 4 
8 7 41 0 7 
9 11 45 0 6 
10 4 47 0 5 
10 6 48 0 5 
11 5 50 0 4 
11 12 52 0 4 
11 13 53 0 4 
11 14 54 0 4 
12 8 57 0 3 
12 9 58 0 3 
12 10 59 0 3 
