0 0 1 1 3 
0 4 4 1 5 
0 10 9 1 5 
1 0 14 1 3 
1 4 15 1 5 
1 10 16 1 5 
2 0 17 1 9 
2 10 19 1 5 
3 0 20 1 4 
3 5 21 1 3 
3 9 22 1 6 
4 3 23 1 9 
5 0 26 1 7 
5 8 29 1 7 
6 0 33 1 6 
6 7 34 1 3 
6 12 35 1 3 
7 0 36 1 5 
7 6 37 1 3 
7 10 38 1 5 
8 0 40 1 3 
8 5 41 1 3 
8 9 42 1 6 
9 0 43 1 7 
9 8 46 1 7 
10 3 47 1 9 
11 0 49 1 6 
11 7 52 1 3 
11 11 53 1 4 
12 0 57 1 5 
12 6 58 1 9 
13 0 60 1 5 
13 6 61 1 5 
13 12 62 1 3 
14 0 63 1 5 
14 6 64 1 5 
14 12 65 1 3 
0 0 1 0 4 
0 1 2 0 4 
0 2 3 0 4 
0 4 4 0 3 
0 5 5 0 7 
0 6 6 0 6 
0 7 7 0 5 
0 8 8 0 3 
0 10 9 0 6 
0 11 10 0 6 
0 12 11 0 4 
0 13 12 0 4 
0 14 13 0 4 
2 3 18 0 6 
3 9 22 0 4 
4 4 24 0 4 
4 8 25 0 4 
5 0 26 0 5 
5 1 27 0 5 
5 2 28 0 5 
5 12 30 0 5 
5 13 31 0 5 
5 14 32 0 5 
6 7 34 0 3 
7 6 37 0 4 
7 10 38 0 4 
7 11 39 0 6 
8 5 41 0 4 
8 9 42 0 7 
9 3 44 0 6 
9 4 45 0 6 
9 8 46 0 6 
10 7 48 0 5 
11 0 49 0 4 
11 1 50 0 4 
11 2 51 0 4 
11 12 54 0 4 
11 13 55 0 4 
11 14 56 0 4 
12 6 58 0 3 
12 10 59 0 3 
