0 0 1 1 4 
0 5 5 1 5 
0 11 10 1 4 
1 0 14 1 4 
1 5 15 1 5 
1 11 16 1 4 
2 0 17 1 10 
2 11 19 1 4 
3 1 20 1 4 
3 8 21 1 3 
3 12 23 1 3 
4 0 24 1 7 
4 8 27 1 7 
5 0 29 1 3 
5 4 30 1 4 
5 10 32 1 4 
6 0 33 1 4 
6 5 35 1 7 
7 0 38 1 4 
7 5 39 1 5 
7 11 40 1 4 
8 3 44 1 7 
8 11 46 1 4 
9 1 47 1 4 
9 7 49 1 4 
9 12 51 1 3 
10 0 52 1 7 
10 8 55 1 7 
11 0 57 1 3 
11 4 58 1 3 
11 10 59 1 4 
12 0 60 1 4 
12 5 62 1 10 
13 0 67 1 4 
13 5 68 1 5 
13 11 69 1 4 
14 0 70 1 4 
14 5 71 1 5 
14 11 72 1 4 
0 0 1 0 3 
0 1 2 0 8 
0 2 3 0 8 
0 3 4 0 5 
0 5 5 0 3 
0 6 6 0 3 
0 7 7 0 3 
0 8 8 0 5 
0 9 9 0 5 
0 11 10 0 3 
0 12 11 0 6 
0 13 12 0 6 
0 14 13 0 5 
2 4 18 0 4 
3 10 22 0 4 
4 0 24 0 4 
4 5 25 0 5 
4 6 26 0 5 
4 11 28 0 5 
5 7 31 0 5 
6 3 34 0 5 
6 8 36 0 5 
6 9 37 0 5 
7 12 41 0 8 
7 13 42 0 8 
7 14 43 0 4 
8 4 45 0 4 
9 1 47 0 6 
9 2 48 0 6 
9 10 50 0 4 
10 0 52 0 5 
10 5 53 0 5 
10 6 54 0 5 
10 11 56 0 5 
12 3 61 0 3 
12 7 63 0 3 
12 8 64 0 3 
12 9 65 0 3 
12 14 66 0 3 
