0 0 1 1 4 
0 5 5 1 4 
0 11 9 1 4 
1 0 13 1 4 
1 5 14 1 4 
1 10 15 1 5 
2 0 16 1 9 
2 10 18 1 5 
3 2 19 1 5 
3 8 20 1 7 
4 0 22 1 5 
4 7 24 1 4 
4 12 25 1 3 
5 0 26 1 3 
5 4 27 1 7 
5 12 30 1 3 
6 0 31 1 8 
6 9 33 1 3 
7 0 35 1 4 
7 5 36 1 5 
7 11 38 1 4 
8 3 42 1 3 
8 7 44 1 8 
9 0 46 1 3 
9 4 49 1 7 
9 12 51 1 3 
10 0 52 1 3 
10 4 53 1 4 
10 10 54 1 5 
11 0 56 1 7 
11 8 58 1 5 
12 0 60 1 5 
12 6 61 1 9 
13 0 65 1 5 
13 6 66 1 4 
13 11 67 1 4 
14 0 68 1 4 
14 6 69 1 4 
14 11 70 1 4 
0 0 1 0 3 
0 1 2 0 3 
0 2 3 0 8 
0 3 4 0 5 
0 5 5 0 4 
0 6 6 0 4 
0 7 7 0 3 
0 8 8 0 6 
0 11 9 0 4 
0 12 10 0 6 
0 13 11 0 6 
0 14 12 0 6 
1 10 15 0 6 
2 4 17 0 5 
3 9 21 0 7 
4 0 22 0 4 
4 1 23 0 4 
4 7 24 0 7 
5 5 28 0 7 
5 6 29 0 3 
6 3 32 0 3 
6 11 34 0 3 
7 8 37 0 3 
7 12 39 0 8 
7 13 40 0 4 
7 14 41 0 4 
8 4 43 0 6 
8 10 45 0 5 
9 0 46 0 6 
9 1 47 0 6 
9 2 48 0 6 
9 6 50 0 6 
10 11 55 0 5 
11 3 57 0 4 
11 8 58 0 4 
11 9 59 0 4 
12 7 62 0 3 
12 13 63 0 3 
12 14 64 0 3 
