0 0 1 1 5 
0 6 6 1 4 
0 11 10 1 4 
1 0 14 1 5 
1 6 15 1 4 
1 11 16 1 4 
2 0 17 1 5 
2 6 18 1 9 
3 0 20 1 8 
3 9 22 1 6 
4 2 23 1 5 
4 8 24 1 7 
5 0 25 1 6 
5 7 27 1 5 
6 0 28 1 4 
6 5 29 1 4 
6 10 31 1 5 
7 0 35 1 3 
7 4 36 1 7 
7 12 38 1 3 
8 0 39 1 5 
8 6 41 1 4 
8 11 42 1 4 
9 3 43 1 5 
9 9 45 1 6 
10 0 47 1 7 
10 8 50 1 5 
11 0 51 1 6 
11 7 52 1 8 
12 0 55 1 9 
12 10 57 1 5 
13 0 58 1 4 
13 5 59 1 4 
13 10 60 1 5 
14 0 61 1 4 
14 5 62 1 4 
14 10 63 1 5 
0 0 1 0 4 
0 1 2 0 4 
0 2 3 0 9 
0 3 4 0 7 
0 4 5 0 6 
0 6 6 0 5 
0 7 7 0 4 
0 8 8 0 3 
0 9 9 0 6 
0 11 10 0 7 
0 12 11 0 5 
0 13 12 0 5 
0 14 13 0 5 
2 10 19 0 6 
3 5 21 0 5 
4 8 24 0 5 
5 0 25 0 4 
5 1 26 0 4 
5 7 27 0 5 
6 6 30 0 5 
6 12 32 0 9 
6 13 33 0 4 
6 14 34 0 4 
7 4 36 0 6 
7 9 37 0 5 
8 3 40 0 7 
8 11 42 0 7 
9 5 44 0 6 
9 10 46 0 6 
10 0 47 0 5 
10 1 48 0 5 
10 2 49 0 5 
10 8 50 0 5 
11 7 52 0 4 
11 13 53 0 4 
11 14 54 0 4 
12 6 56 0 3 
