0 0 1 1 4 
0 5 5 1 5 
0 11 10 1 4 
1 0 14 1 4 
1 5 15 1 5 
1 11 16 1 4 
2 0 17 1 4 
2 5 18 1 10 
3 0 20 1 5 
3 6 22 1 3 
3 10 23 1 5 
4 0 24 1 8 
4 9 26 1 6 
5 0 27 1 7 
5 8 28 1 3 
5 12 29 1 3 
6 3 30 1 3 
6 7 31 1 3 
6 11 32 1 4 
7 1 33 1 13 
8 0 37 1 4 
8 5 38 1 3 
8 9 39 1 3 
9 0 40 1 3 
9 4 41 1 3 
9 8 42 1 7 
10 0 46 1 6 
10 7 48 1 8 
11 0 49 1 5 
11 6 50 1 3 
11 10 51 1 5 
12 0 52 1 10 
12 11 55 1 4 
13 0 56 1 4 
13 5 57 1 5 
13 11 58 1 4 
14 0 59 1 4 
14 5 60 1 5 
14 11 61 1 4 
0 0 1 0 6 
0 1 2 0 6 
0 2 3 0 6 
0 3 4 0 9 
0 5 5 0 3 
0 6 6 0 6 
0 7 7 0 5 
0 8 8 0 4 
0 9 9 0 3 
0 11 10 0 5 
0 12 11 0 8 
0 13 12 0 8 
0 14 13 0 7 
2 10 19 0 4 
3 4 21 0 5 
4 5 25 0 7 
4 9 26 0 7 
5 8 28 0 3 
6 7 31 0 3 
6 11 32 0 9 
7 1 33 0 8 
7 2 34 0 8 
7 6 35 0 3 
7 10 36 0 5 
8 0 37 0 7 
9 4 41 0 4 
9 8 42 0 6 
9 12 43 0 6 
9 13 44 0 6 
9 14 45 0 6 
10 3 47 0 5 
10 7 48 0 5 
11 6 50 0 4 
12 5 53 0 3 
12 9 54 0 3 
