0 0 1 1 5 
0 6 6 1 3 
0 10 9 1 5 
1 0 14 1 5 
1 6 15 1 3 
1 10 16 1 5 
2 0 17 1 5 
2 6 18 1 3 
2 10 19 1 5 
3 0 20 1 15 
4 5 23 1 3 
4 9 24 1 6 
5 0 25 1 7 
5 8 30 1 4 
6 0 31 1 5 
6 7 32 1 3 
6 12 33 1 3 
7 0 36 1 15 
8 0 41 1 3 
8 5 42 1 3 
8 10 43 1 5 
9 3 44 1 4 
9 8 46 1 7 
10 0 48 1 6 
10 7 51 1 3 
11 0 52 1 15 
12 0 59 1 5 
12 6 60 1 3 
12 10 61 1 5 
13 0 62 1 5 
13 6 63 1 3 
13 10 64 1 5 
14 0 65 1 5 
14 6 66 1 3 
14 10 67 1 5 
0 0 1 0 4 
0 1 2 0 4 
0 2 3 0 4 
0 3 4 0 4 
0 4 5 0 4 
0 6 6 0 6 
0 7 7 0 5 
0 8 8 0 4 
0 10 9 0 6 
0 11 10 0 6 
0 12 11 0 5 
0 13 12 0 5 
0 14 13 0 5 
3 5 21 0 3 
3 9 22 0 5 
5 0 25 0 4 
5 1 26 0 4 
5 2 27 0 4 
5 3 28 0 3 
5 4 29 0 3 
5 8 30 0 3 
6 7 32 0 3 
6 12 33 0 4 
6 13 34 0 4 
6 14 35 0 4 
7 5 37 0 5 
7 6 38 0 3 
7 10 39 0 3 
7 11 40 0 3 
9 3 44 0 6 
9 4 45 0 6 
9 8 46 0 6 
9 9 47 0 3 
10 0 48 0 5 
10 1 49 0 5 
10 2 50 0 5 
10 7 51 0 5 
11 6 53 0 4 
11 10 54 0 4 
11 11 55 0 4 
11 12 56 0 4 
11 13 57 0 4 
11 14 58 0 4 
