0 0 1 1 10 
0 11 11 1 4 
1 0 15 1 10 
1 11 16 1 4 
2 0 17 1 10 
2 11 18 1 4 
3 0 19 1 3 
3 4 20 1 4 
3 9 21 1 6 
4 0 23 1 4 
4 5 25 1 4 
4 10 27 1 5 
5 0 28 1 5 
5 6 30 1 9 
6 0 32 1 6 
6 7 34 1 5 
7 0 35 1 3 
7 4 36 1 3 
7 8 38 1 3 
7 12 39 1 3 
8 3 42 1 5 
8 9 44 1 6 
9 0 46 1 9 
9 10 50 1 5 
10 0 51 1 5 
10 6 52 1 4 
10 11 54 1 4 
11 0 55 1 6 
11 7 57 1 4 
11 12 59 1 3 
12 0 60 1 4 
12 5 61 1 10 
13 0 64 1 4 
13 5 65 1 10 
14 0 66 1 4 
14 5 67 1 10 
0 0 1 0 8 
0 1 2 0 8 
0 2 3 0 8 
0 3 4 0 3 
0 4 5 0 4 
0 5 6 0 5 
0 6 7 0 6 
0 7 8 0 7 
0 8 9 0 3 
0 9 10 0 4 
0 11 11 0 7 
0 12 12 0 6 
0 13 13 0 6 
0 14 14 0 6 
3 10 22 0 7 
4 3 24 0 3 
4 8 26 0 4 
5 4 29 0 7 
5 9 31 0 4 
6 5 33 0 4 
7 6 37 0 4 
7 12 39 0 8 
7 13 40 0 8 
7 14 41 0 8 
8 3 42 0 7 
8 7 43 0 7 
8 11 45 0 3 
9 0 46 0 6 
9 1 47 0 6 
9 2 48 0 6 
9 8 49 0 6 
10 9 53 0 5 
11 5 56 0 4 
11 10 58 0 4 
12 6 62 0 3 
12 11 63 0 3 
