0 0 1 1 4 
0 5 5 1 4 
0 10 9 1 5 
1 0 14 1 4 
1 5 15 1 4 
1 10 16 1 5 
2 0 17 1 4 
2 5 18 1 10 
3 0 20 1 5 
3 6 22 1 4 
3 11 23 1 4 
4 1 24 1 5 
4 8 26 1 7 
5 0 28 1 12 
6 0 31 1 3 
6 4 32 1 4 
6 10 33 1 5 
7 0 37 1 4 
7 5 39 1 5 
7 11 42 1 4 
8 0 43 1 5 
8 7 45 1 4 
8 12 47 1 3 
9 3 48 1 12 
10 0 52 1 7 
10 9 55 1 5 
11 0 56 1 4 
11 5 57 1 4 
11 10 60 1 5 
12 0 62 1 10 
12 11 65 1 4 
13 0 66 1 5 
13 6 67 1 4 
13 11 68 1 4 
14 0 69 1 5 
14 6 70 1 4 
14 11 71 1 4 
0 0 1 0 4 
0 1 2 0 9 
0 2 3 0 9 
0 3 4 0 6 
0 5 5 0 3 
0 6 6 0 4 
0 7 7 0 4 
0 8 8 0 6 
0 10 9 0 3 
0 11 10 0 8 
0 12 11 0 5 
0 13 12 0 5 
0 14 13 0 5 
2 9 19 0 4 
3 4 21 0 4 
4 5 25 0 4 
4 10 27 0 3 
5 0 28 0 4 
5 6 29 0 3 
5 7 30 0 5 
6 12 34 0 9 
6 13 35 0 9 
6 14 36 0 4 
7 3 38 0 8 
7 8 40 0 3 
7 9 41 0 4 
8 4 44 0 3 
8 10 46 0 4 
9 5 49 0 4 
9 6 50 0 6 
9 11 51 0 6 
10 0 52 0 5 
10 1 53 0 5 
10 2 54 0 5 
11 7 58 0 4 
11 8 59 0 4 
11 14 61 0 4 
12 4 63 0 3 
12 9 64 0 3 
