0 0 1 1 5 
0 6 6 1 5 
0 12 11 1 3 
1 0 14 1 5 
1 6 15 1 5 
1 12 16 1 3 
2 0 17 1 11 
2 12 19 1 3 
3 2 20 1 4 
3 8 21 1 7 
4 0 23 1 3 
4 4 25 1 11 
5 0 28 1 4 
5 5 30 1 4 
5 10 31 1 5 
6 0 32 1 4 
6 5 33 1 3 
6 9 34 1 3 
7 0 35 1 7 
7 8 37 1 7 
8 3 41 1 3 
8 7 42 1 3 
8 11 43 1 4 
9 0 44 1 5 
9 6 47 1 4 
9 11 48 1 4 
10 0 49 1 11 
10 12 52 1 3 
11 0 53 1 7 
11 9 54 1 4 
12 0 56 1 3 
12 4 57 1 11 
13 0 62 1 3 
13 4 63 1 5 
13 10 64 1 5 
14 0 65 1 3 
14 4 66 1 5 
14 10 67 1 5 
0 0 1 0 3 
0 1 2 0 3 
0 2 3 0 8 
0 3 4 0 4 
0 4 5 0 5 
0 6 6 0 3 
0 7 7 0 3 
0 8 8 0 6 
0 9 9 0 5 
0 10 10 0 8 
0 12 11 0 6 
0 13 12 0 6 
0 14 13 0 6 
2 5 18 0 7 
3 11 22 0 7 
4 0 23 0 4 
4 1 24 0 4 
4 6 26 0 4 
4 7 27 0 3 
5 3 29 0 7 
6 9 34 0 7 
7 4 36 0 8 
7 8 37 0 4 
7 12 38 0 8 
7 13 39 0 4 
7 14 40 0 4 
8 7 42 0 3 
9 0 44 0 6 
9 1 45 0 6 
9 2 46 0 6 
9 6 47 0 6 
10 5 50 0 5 
10 10 51 0 5 
11 11 55 0 4 
12 7 58 0 3 
12 8 59 0 3 
12 13 60 0 3 
12 14 61 0 3 
