0 0 1 1 4 
0 5 5 1 5 
0 11 10 1 4 
1 0 14 1 4 
1 5 15 1 5 
1 11 16 1 4 
2 0 17 1 10 
2 11 19 1 4 
3 0 20 1 7 
3 8 21 1 7 
4 1 23 1 14 
5 0 25 1 3 
5 4 26 1 4 
5 9 27 1 6 
6 0 28 1 5 
6 6 30 1 6 
7 0 32 1 4 
7 5 33 1 5 
7 11 34 1 4 
8 3 38 1 6 
8 10 40 1 5 
9 0 41 1 6 
9 7 44 1 4 
9 12 46 1 3 
10 0 47 1 14 
11 0 50 1 7 
11 8 51 1 7 
12 0 53 1 4 
12 5 54 1 10 
13 0 56 1 4 
13 5 57 1 5 
13 11 58 1 4 
14 0 59 1 4 
14 5 60 1 5 
14 11 61 1 4 
0 0 1 0 4 
0 1 2 0 8 
0 2 3 0 8 
0 3 4 0 5 
0 5 5 0 6 
0 6 6 0 9 
0 7 7 0 3 
0 8 8 0 5 
0 9 9 0 8 
0 11 10 0 9 
0 12 11 0 6 
0 13 12 0 6 
0 14 13 0 6 
2 4 18 0 5 
3 10 22 0 4 
4 7 24 0 7 
5 0 25 0 3 
6 3 29 0 9 
6 8 31 0 9 
7 5 33 0 8 
7 12 35 0 8 
7 13 36 0 8 
7 14 37 0 3 
8 4 39 0 4 
8 10 40 0 5 
9 0 41 0 6 
9 1 42 0 6 
9 2 43 0 6 
9 9 45 0 6 
10 6 48 0 5 
10 11 49 0 5 
11 14 52 0 4 
12 7 55 0 3 
