0 0 1 1 3 
0 4 4 1 4 
0 9 8 1 6 
1 0 14 1 3 
1 4 15 1 4 
1 9 16 1 6 
2 0 17 1 3 
2 4 18 1 11 
3 0 20 1 5 
3 7 22 1 5 
4 0 23 1 9 
4 10 26 1 5 
5 3 30 1 4 
5 8 31 1 3 
5 12 33 1 3 
6 0 34 1 4 
6 5 37 1 3 
6 9 39 1 6 
7 0 41 1 15 
8 0 44 1 6 
8 7 45 1 3 
8 11 46 1 4 
9 0 47 1 3 
9 4 48 1 3 
9 8 50 1 4 
10 0 52 1 5 
10 6 54 1 9 
11 3 59 1 5 
11 10 61 1 5 
12 0 62 1 11 
12 12 67 1 3 
13 0 68 1 6 
13 7 69 1 4 
13 12 70 1 3 
14 0 71 1 6 
14 7 72 1 4 
14 12 73 1 3 
0 0 1 0 5 
0 1 2 0 5 
0 2 3 0 5 
0 4 4 0 6 
0 5 5 0 3 
0 6 6 0 3 
0 7 7 0 5 
0 9 8 0 4 
0 10 9 0 8 
0 11 10 0 5 
0 12 11 0 3 
0 13 12 0 3 
0 14 13 0 3 
2 8 19 0 4 
3 3 21 0 6 
4 5 24 0 6 
4 6 25 0 4 
4 12 27 0 5 
4 13 28 0 5 
4 14 29 0 5 
5 9 32 0 6 
6 0 34 0 5 
6 1 35 0 5 
6 2 36 0 5 
6 7 38 0 3 
6 11 40 0 6 
7 4 42 0 8 
7 8 43 0 4 
9 6 49 0 4 
9 10 51 0 6 
10 3 53 0 5 
10 7 55 0 5 
10 12 56 0 5 
10 13 57 0 5 
10 14 58 0 5 
11 5 60 0 4 
12 0 62 0 3 
12 1 63 0 3 
12 2 64 0 3 
12 8 65 0 3 
12 9 66 0 3 
