0 0 1 1 5 
0 7 6 1 8 
1 0 14 1 6 
1 7 16 1 8 
2 0 17 1 6 
2 7 18 1 8 
3 0 19 1 3 
3 4 20 1 6 
3 12 22 1 3 
4 1 23 1 8 
4 10 25 1 5 
5 0 27 1 5 
5 6 28 1 6 
6 0 30 1 4 
6 5 31 1 9 
7 0 34 1 3 
7 4 35 1 7 
7 12 36 1 3 
8 1 38 1 9 
8 11 40 1 4 
9 3 41 1 6 
9 10 42 1 5 
10 0 43 1 5 
10 6 46 1 8 
11 0 48 1 3 
11 5 49 1 6 
11 12 50 1 3 
12 0 52 1 8 
12 9 55 1 6 
13 0 57 1 8 
13 9 58 1 6 
14 0 59 1 8 
14 10 60 1 5 
0 0 1 0 4 
0 1 2 0 9 
0 2 3 0 9 
0 3 4 0 3 
0 4 5 0 6 
0 7 6 0 15 
0 8 7 0 12 
0 9 8 0 4 
0 10 9 0 3 
0 11 10 0 3 
0 12 11 0 5 
0 13 12 0 5 
0 14 13 0 5 
1 5 15 0 4 
3 6 21 0 12 
4 3 24 0 3 
4 10 25 0 4 
4 11 26 0 3 
5 0 27 0 3 
5 9 29 0 4 
6 5 31 0 4 
6 12 32 0 9 
6 13 33 0 9 
7 4 35 0 4 
7 14 37 0 3 
8 3 39 0 3 
8 11 40 0 3 
9 10 42 0 6 
10 0 43 0 5 
10 1 44 0 5 
10 2 45 0 5 
10 9 47 0 4 
11 5 49 0 4 
11 14 51 0 4 
12 3 53 0 3 
12 4 54 0 3 
12 11 56 0 3 
