0 0 1 1 7 
0 9 8 1 6 
1 0 14 1 7 
1 8 15 1 7 
2 0 16 1 7 
2 8 17 1 7 
3 0 18 1 4 
3 5 19 1 4 
3 11 21 1 4 
4 0 22 1 3 
4 4 23 1 11 
5 0 26 1 5 
5 6 28 1 5 
6 0 29 1 8 
6 9 31 1 6 
7 0 36 1 7 
7 8 37 1 7 
8 0 38 1 6 
8 7 39 1 8 
9 4 40 1 5 
9 10 42 1 5 
10 0 43 1 11 
10 12 48 1 3 
11 0 49 1 4 
11 6 50 1 4 
11 11 51 1 4 
12 0 52 1 7 
12 8 55 1 7 
13 0 57 1 7 
13 8 58 1 7 
14 0 59 1 6 
14 8 60 1 7 
0 0 1 0 9 
0 1 2 0 9 
0 2 3 0 9 
0 3 4 0 4 
0 4 5 0 3 
0 5 6 0 5 
0 6 7 0 8 
0 9 8 0 3 
0 10 9 0 3 
0 11 10 0 5 
0 12 11 0 5 
0 13 12 0 5 
0 14 13 0 5 
1 8 15 0 5 
3 7 20 0 4 
4 4 23 0 7 
4 9 24 0 5 
4 10 25 0 7 
5 3 27 0 4 
6 5 30 0 5 
6 11 32 0 4 
6 12 33 0 9 
6 13 34 0 9 
6 14 35 0 9 
7 8 37 0 8 
8 7 39 0 4 
9 6 41 0 5 
10 0 43 0 5 
10 1 44 0 5 
10 2 45 0 5 
10 3 46 0 5 
10 9 47 0 5 
11 11 51 0 4 
12 4 53 0 3 
12 5 54 0 3 
12 10 56 0 3 
