0 0 1 1 8 
0 10 9 1 5 
1 0 14 1 9 
1 10 16 1 5 
2 0 17 1 9 
2 10 18 1 5 
3 0 19 1 4 
3 5 20 1 4 
3 10 21 1 5 
4 0 22 1 3 
4 4 23 1 7 
4 12 25 1 3 
5 0 26 1 5 
5 7 28 1 3 
5 11 29 1 4 
6 3 30 1 7 
6 11 33 1 4 
7 0 34 1 7 
7 8 37 1 7 
8 0 39 1 4 
8 5 40 1 7 
9 0 42 1 4 
9 5 43 1 3 
9 10 44 1 5 
10 0 48 1 3 
10 4 49 1 7 
10 12 52 1 3 
11 0 53 1 5 
11 6 55 1 4 
11 11 56 1 4 
12 0 57 1 5 
12 6 58 1 9 
13 0 60 1 5 
13 6 61 1 9 
14 0 62 1 5 
14 7 63 1 8 
0 0 1 0 6 
0 1 2 0 6 
0 2 3 0 6 
0 3 4 0 4 
0 4 5 0 3 
0 5 6 0 5 
0 6 7 0 5 
0 7 8 0 7 
0 10 9 0 5 
0 11 10 0 4 
0 12 11 0 8 
0 13 12 0 8 
0 14 13 0 8 
1 8 15 0 8 
4 4 23 0 4 
4 9 24 0 5 
5 3 27 0 5 
5 11 29 0 5 
6 5 31 0 5 
6 6 32 0 8 
7 0 34 0 8 
7 1 35 0 8 
7 2 36 0 8 
7 10 38 0 4 
8 7 41 0 7 
9 12 45 0 6 
9 13 46 0 6 
9 14 47 0 6 
10 4 49 0 5 
10 8 50 0 5 
10 9 51 0 5 
11 3 54 0 4 
11 11 56 0 4 
12 10 59 0 3 
