0 0 1 1 6 
0 8 7 1 7 
1 0 14 1 6 
1 7 15 1 8 
2 0 16 1 6 
2 7 17 1 8 
3 0 18 1 5 
3 6 19 1 4 
3 12 20 1 3 
4 2 21 1 13 
5 4 25 1 3 
5 9 26 1 3 
6 0 27 1 4 
6 5 31 1 4 
6 10 34 1 5 
7 0 38 1 15 
8 0 41 1 5 
8 6 42 1 4 
8 11 43 1 4 
9 3 44 1 3 
9 8 46 1 3 
10 0 48 1 13 
11 0 55 1 3 
11 5 56 1 4 
11 10 57 1 5 
12 0 60 1 8 
12 9 63 1 6 
13 0 64 1 8 
13 9 65 1 6 
14 0 66 1 7 
14 9 67 1 6 
0 0 1 0 4 
0 1 2 0 4 
0 2 3 0 5 
0 3 4 0 5 
0 4 5 0 6 
0 5 6 0 3 
0 8 7 0 5 
0 9 8 0 6 
0 10 9 0 3 
0 11 10 0 3 
0 12 11 0 5 
0 13 12 0 5 
0 14 13 0 5 
1 7 15 0 4 
3 6 19 0 6 
4 5 22 0 4 
4 10 23 0 4 
4 11 24 0 5 
6 0 27 0 3 
6 1 28 0 3 
6 2 29 0 3 
6 3 30 0 5 
6 7 32 0 3 
6 8 33 0 6 
6 12 35 0 3 
6 13 36 0 3 
6 14 37 0 3 
7 4 39 0 4 
7 9 40 0 4 
9 5 45 0 6 
9 10 47 0 6 
10 0 48 0 5 
10 1 49 0 5 
10 2 50 0 5 
10 6 51 0 5 
10 7 52 0 4 
10 11 53 0 5 
10 12 54 0 5 
11 13 58 0 4 
11 14 59 0 4 
12 3 61 0 3 
12 4 62 0 3 
12 9 63 0 3 
