0 0 1 1 5 
0 6 6 1 4 
0 11 10 1 4 
1 0 14 1 5 
1 6 15 1 4 
1 11 16 1 4 
2 0 17 1 10 
2 11 19 1 4 
3 2 20 1 5 
3 9 21 1 6 
4 0 23 1 3 
4 4 25 1 11 
5 0 28 1 4 
5 6 30 1 3 
5 10 31 1 5 
6 0 32 1 6 
6 7 35 1 4 
7 1 37 1 13 
8 4 42 1 4 
8 9 43 1 6 
9 0 45 1 5 
9 6 49 1 3 
9 11 51 1 4 
10 0 52 1 11 
10 12 56 1 3 
11 0 57 1 6 
11 8 58 1 5 
12 0 60 1 4 
12 5 61 1 10 
13 0 66 1 4 
13 5 67 1 4 
13 10 68 1 5 
14 0 69 1 4 
14 5 70 1 4 
14 10 71 1 5 
0 0 1 0 3 
0 1 2 0 3 
0 2 3 0 8 
0 3 4 0 4 
0 4 5 0 5 
0 6 6 0 6 
0 7 7 0 3 
0 8 8 0 3 
0 9 9 0 5 
0 11 10 0 6 
0 12 11 0 6 
0 13 12 0 6 
0 14 13 0 6 
2 5 18 0 3 
3 10 22 0 6 
4 0 23 0 3 
4 1 24 0 4 
4 7 26 0 7 
4 8 27 0 4 
5 3 29 0 3 
6 4 33 0 6 
6 5 34 0 3 
6 9 36 0 3 
7 6 38 0 4 
7 11 39 0 3 
7 12 40 0 8 
7 13 41 0 4 
8 14 44 0 3 
9 0 45 0 6 
9 1 46 0 6 
9 2 47 0 6 
9 3 48 0 6 
9 8 50 0 6 
10 5 53 0 5 
10 9 54 0 3 
10 10 55 0 5 
11 11 59 0 4 
12 6 62 0 3 
12 7 63 0 3 
12 13 64 0 3 
12 14 65 0 3 
