0 0 1 1 5 
0 6 6 1 4 
0 11 10 1 4 
1 0 14 1 5 
1 6 15 1 4 
1 11 16 1 4 
2 0 17 1 15 
3 0 20 1 8 
3 10 21 1 5 
4 4 22 1 3 
4 8 23 1 7 
5 0 25 1 12 
6 0 30 1 5 
6 7 31 1 3 
6 12 32 1 3 
7 0 35 1 15 
8 0 40 1 3 
8 5 41 1 3 
8 10 42 1 5 
9 3 43 1 12 
10 0 47 1 7 
10 8 50 1 3 
11 0 51 1 5 
11 7 52 1 8 
12 0 57 1 15 
13 0 60 1 4 
13 5 61 1 4 
13 10 62 1 5 
14 0 63 1 4 
14 5 64 1 4 
14 10 65 1 5 
0 0 1 0 4 
0 1 2 0 4 
0 2 3 0 4 
0 3 4 0 4 
0 4 5 0 8 
0 6 6 0 6 
0 7 7 0 4 
0 8 8 0 3 
0 9 9 0 3 
0 11 10 0 6 
0 12 11 0 5 
0 13 12 0 5 
0 14 13 0 5 
2 5 18 0 4 
2 10 19 0 4 
4 8 23 0 4 
4 9 24 0 4 
5 0 25 0 4 
5 1 26 0 4 
5 2 27 0 4 
5 3 28 0 3 
5 7 29 0 5 
6 12 32 0 4 
6 13 33 0 4 
6 14 34 0 4 
7 5 36 0 4 
7 6 37 0 4 
7 10 38 0 8 
7 11 39 0 3 
9 3 43 0 6 
9 4 44 0 4 
9 8 45 0 6 
9 9 46 0 4 
10 0 47 0 5 
10 1 48 0 5 
10 2 49 0 5 
11 7 52 0 4 
11 11 53 0 4 
11 12 54 0 4 
11 13 55 0 4 
11 14 56 0 4 
12 5 58 0 3 
12 6 59 0 3 
