0 0 1 1 5 
0 6 6 1 3 
0 10 9 1 5 
1 0 14 1 5 
1 6 15 1 3 
1 10 16 1 5 
2 0 17 1 15 
3 0 20 1 3 
3 4 21 1 3 
3 8 22 1 3 
3 12 23 1 3 
4 0 24 1 15 
5 2 28 1 3 
5 6 29 1 3 
5 10 30 1 3 
6 0 31 1 15 
7 0 37 1 3 
7 4 38 1 3 
7 8 39 1 3 
7 12 40 1 3 
8 0 41 1 15 
9 2 45 1 3 
9 6 46 1 3 
9 10 47 1 3 
10 0 48 1 15 
11 0 54 1 3 
11 4 55 1 3 
11 8 56 1 3 
11 12 57 1 3 
12 0 58 1 15 
13 0 62 1 5 
13 6 63 1 3 
13 10 64 1 5 
14 0 65 1 5 
14 6 66 1 3 
14 10 67 1 5 
0 0 1 0 5 
0 1 2 0 5 
0 2 3 0 15 
0 3 4 0 3 
0 4 5 0 15 
0 6 6 0 15 
0 7 7 0 3 
0 8 8 0 15 
0 10 9 0 15 
0 11 10 0 3 
0 12 11 0 15 
0 13 12 0 5 
0 14 13 0 5 
2 5 18 0 3 
2 9 19 0 3 
4 3 25 0 3 
4 7 26 0 3 
4 11 27 0 3 
6 0 31 0 3 
6 1 32 0 3 
6 5 33 0 3 
6 9 34 0 3 
6 13 35 0 3 
6 14 36 0 3 
8 3 42 0 3 
8 7 43 0 3 
8 11 44 0 3 
10 0 48 0 5 
10 1 49 0 5 
10 5 50 0 3 
10 9 51 0 3 
10 13 52 0 5 
10 14 53 0 5 
12 3 59 0 3 
12 7 60 0 3 
12 11 61 0 3 
