0 0 1 1 5 
0 6 6 1 3 
0 11 9 1 4 
1 0 13 1 5 
1 6 14 1 4 
1 11 16 1 4 
2 0 17 1 10 
2 11 19 1 4 
3 2 20 1 6 
3 9 21 1 6 
4 0 23 1 4 
4 5 25 1 10 
5 0 27 1 3 
5 4 28 1 3 
5 8 29 1 3 
5 12 30 1 3 
6 0 31 1 5 
6 7 33 1 5 
7 0 35 1 15 
8 3 41 1 5 
8 10 42 1 5 
9 0 43 1 3 
9 4 46 1 3 
9 8 47 1 3 
9 12 49 1 3 
10 0 50 1 10 
10 11 53 1 4 
11 0 54 1 6 
11 7 55 1 6 
12 0 57 1 4 
12 5 58 1 10 
13 0 62 1 4 
13 5 63 1 4 
13 10 64 1 5 
14 0 65 1 4 
14 6 66 1 3 
14 10 67 1 5 
0 0 1 0 3 
0 1 2 0 3 
0 2 3 0 8 
0 3 4 0 5 
0 4 5 0 4 
0 6 6 0 6 
0 7 7 0 5 
0 8 8 0 3 
0 11 9 0 5 
0 12 10 0 6 
0 13 11 0 6 
0 14 12 0 6 
1 9 15 0 7 
2 5 18 0 4 
3 10 22 0 7 
4 0 23 0 4 
4 1 24 0 4 
4 8 26 0 4 
5 4 28 0 7 
6 3 32 0 3 
6 7 33 0 3 
6 11 34 0 3 
7 5 36 0 7 
7 6 37 0 4 
7 12 38 0 8 
7 13 39 0 4 
7 14 40 0 4 
9 0 43 0 6 
9 1 44 0 6 
9 2 45 0 6 
9 8 47 0 6 
9 9 48 0 4 
10 3 51 0 5 
10 7 52 0 5 
10 11 53 0 5 
11 10 56 0 4 
12 6 59 0 3 
12 13 60 0 3 
12 14 61 0 3 
