0 0 1 1 4 
0 5 5 1 4 
0 10 9 1 5 
1 0 14 1 4 
1 5 15 1 4 
1 10 16 1 5 
2 0 17 1 4 
2 5 18 1 4 
2 10 19 1 5 
3 0 20 1 7 
3 8 22 1 4 
4 3 24 1 4 
4 8 25 1 7 
5 0 29 1 5 
5 6 32 1 5 
5 12 34 1 3 
6 0 35 1 4 
6 5 36 1 3 
6 9 37 1 6 
7 0 39 1 4 
7 5 40 1 5 
7 11 42 1 4 
8 0 43 1 6 
8 7 45 1 3 
8 11 46 1 4 
9 0 47 1 3 
9 4 48 1 5 
9 10 50 1 5 
10 0 51 1 7 
10 8 53 1 4 
11 3 55 1 4 
11 8 56 1 7 
12 0 60 1 5 
12 6 63 1 4 
12 11 65 1 4 
13 0 66 1 5 
13 6 67 1 4 
13 11 68 1 4 
14 0 69 1 5 
14 6 70 1 4 
14 11 71 1 4 
0 0 1 0 4 
0 1 2 0 4 
0 2 3 0 4 
0 3 4 0 9 
0 5 5 0 5 
0 6 6 0 8 
0 7 7 0 3 
0 8 8 0 6 
0 10 9 0 7 
0 11 10 0 5 
0 12 11 0 3 
0 13 12 0 3 
0 14 13 0 3 
3 4 21 0 3 
3 9 23 0 6 
4 12 26 0 6 
4 13 27 0 6 
4 14 28 0 6 
5 0 29 0 6 
5 1 30 0 6 
5 2 31 0 6 
5 7 33 0 5 
6 5 36 0 6 
6 11 38 0 9 
7 8 41 0 8 
8 4 44 0 7 
9 6 49 0 6 
9 10 50 0 3 
10 3 52 0 5 
10 9 54 0 5 
11 12 57 0 4 
11 13 58 0 4 
11 14 59 0 4 
12 0 60 0 3 
12 1 61 0 3 
12 2 62 0 3 
12 7 64 0 3 
